海康威视工业相机标定报告
==================================================
标定时间: 2025-09-10 23:20:46
棋盘格尺寸: 11x8
方格大小: 15.0mm
使用图像: 19张
图像尺寸: 1440x1080

标定结果:
重投影误差: 0.084498 像素
平均误差: 0.008794 像素

相机内参:
fx = 1828.03
fy = 1827.58
cx = 769.38
cy = 543.44

畸变系数:
k1 = -0.085935
k2 = 0.157518
p1 = -0.000621
p2 = 0.000163
k3 = 0.168712
